0100010000010000110001100001000100000100
0100010101110011100001001111000111110000
0000111101000010001111000000010010000111
1100000001001110100001001001011110100000
0111101111101100111100001001000000101110
0100101000000110000101111101001111101000
0100001011110000010111000001001000001010
0000100010010010010001002000001011101000
0100111010000011110011111101111010101111
0000100010010000100010000100000010000000
1111110000111110101010000111100011111111
0001000010001000100010100010000001000010
1000001011100000001000101110111000011000
0011111000101110111110100010001111001110
0010010000001010000100000010100001001000
0000000011111000110101011111101011111000
0010010001001100010001000100001010100000
0011110001000001111100001100100000101110
0010000000010001000000100100111110000010
0010011100111101000011100111100000100010
1111001000100001000010000000000111100010
0001000010100111001110000111111100000000
0011111110100000000010000001000000111111
0000000001111011010011111001000100100000
0011000100000010010000000000000100001100