001000000000000001000001000000
001000001111000001000101011110
001111101000000011100100010011
000010001100111000101111010010
001010000000100000100001000010
111010001000100011100001001000
000010001000100001000111101110
010000011110100100010000101010
010000000100001111110100101011
010000001110000000000100100010
011111000000011100000100001110
000101011100110000000100100010
010001000000011100100100100000
010001000200010000100001111110
110000011111110001100000000100
011110010000010001001111000100
000010010110010001001000010100
110000000100000001001000111100
011100111100010011011101100110
000000100000010010010000100000